X	Y
781.000	420.000
782.128	418.479
783.524	416.923
785.180	415.332
787.086	413.709
789.231	412.056
791.607	410.376
794.204	408.669
797.011	406.938
800.020	405.184
803.221	403.411
806.604	401.620
810.159	399.813
813.878	397.991
817.749	396.158
821.765	394.314
825.914	392.462
830.187	390.604
834.576	388.742
839.069	386.878
843.658	385.014
848.332	383.152
853.083	381.293
857.900	379.441
862.774	377.596
867.696	375.761
872.655	373.938
877.642	372.129
882.648	370.336
887.673	368.559
892.716	366.799
897.776	365.056
902.855	363.331
907.953	361.625
913.070	359.938
918.205	358.270
923.360	356.622
928.534	354.994
933.727	353.388
938.940	351.802
944.173	350.239
949.426	348.698
954.700	347.180
959.993	345.685
965.308	344.214
970.643	342.767
975.999	341.345
981.377	339.949
986.775	338.578
992.196	337.234
997.638	335.917
1003.102	334.626
1008.588	333.364
1014.096	332.130
1019.627	330.925
1025.180	329.749
1030.757	328.603
1036.356	327.487
1041.979	326.402
1047.625	325.348
1053.294	324.326
1058.988	323.336
1064.705	322.378
1070.447	321.454
1076.213	320.564
1082.003	319.708
1087.817	318.886
1093.652	318.097
1099.507	317.340
1105.377	316.614
1111.262	315.917
1117.158	315.249
1123.064	314.608
1128.976	313.993
1134.892	313.403
1140.810	312.837
1146.728	312.294
1152.642	311.772
1158.551	311.271
1164.452	310.789
1170.342	310.325
1176.219	309.879
1182.081	309.448
1187.926	309.032
1193.749	308.629
1199.551	308.240
1205.327	307.861
1211.075	307.492
1216.794	307.133
1222.480	306.782
1228.131	306.437
1233.744	306.098
1239.318	305.763
1244.850	305.432
1250.337	305.103
1255.776	304.775
1261.166	304.447
1266.504	304.117
1271.788	303.786
1277.014	303.450
1282.181	303.111
1287.286	302.765
1292.327	302.412
1297.301	302.052
1302.207	301.682
1307.043	301.307
1311.811	300.930
1316.512	300.554
1321.146	300.184
1325.714	299.824
1330.217	299.478
1334.656	299.149
1339.031	298.841
1343.343	298.559
1347.593	298.306
1351.781	298.086
1355.909	297.903
1359.977	297.762
1363.985	297.665
1367.935	297.617
1371.828	297.622
1375.663	297.683
1379.442	297.806
1383.166	297.992
1386.835	298.248
1390.450	298.575
1394.012	298.979
1397.521	299.463
1400.979	300.031
1404.386	300.688
1407.742	301.436
1411.049	302.280
1414.306	303.221
1417.512	304.259
1420.663	305.391
1423.759	306.616
1426.797	307.931
1429.775	309.335
1432.691	310.825
1435.542	312.401
1438.328	314.060
1441.045	315.800
1443.693	317.619
1446.267	319.516
1448.768	321.489
1451.191	323.536
1453.537	325.654
1455.801	327.843
1457.983	330.100
1460.080	332.424
1462.090	334.812
1464.012	337.263
1465.842	339.775
1467.580	342.346
1469.221	344.974
1470.763	347.658
1472.203	350.396
1473.538	353.188
1474.765	356.030
1475.880	358.921
1476.880	361.860
1477.763	364.846
1478.526	367.876
1479.165	370.950
1479.677	374.065
1480.059	377.219
1480.309	380.412
1480.422	383.642
1480.396	386.907
1480.228	390.205
1479.915	393.535
1479.454	396.896
1478.841	400.285
1478.074	403.701
1477.151	407.143
1476.076	410.605
1474.857	414.085
1473.501	417.578
1472.014	421.079
1470.405	424.584
1468.678	428.089
1466.843	431.589
1464.906	435.080
1462.874	438.557
1460.753	442.017
1458.552	445.455
1456.276	448.866
1453.933	452.246
1451.531	455.592
1449.076	458.898
1446.574	462.160
1444.034	465.374
1441.462	468.535
1438.866	471.640
1436.251	474.683
1433.626	477.661
1430.997	480.568
1428.372	483.402
1425.757	486.157
1423.159	488.829
1420.585	491.413
1418.036	493.910
1415.507	496.320
1412.992	498.644
1410.486	500.886
1407.985	503.046
1405.483	505.126
1402.975	507.128
1400.456	509.053
1397.921	510.903
1395.365	512.680
1392.782	514.385
1390.167	516.021
1387.516	517.589
1384.824	519.089
1382.084	520.526
1379.292	521.899
1376.443	523.210
1373.532	524.462
1370.554	525.656
1367.503	526.793
1364.375	527.876
1361.164	528.905
1357.873	529.881
1354.503	530.804
1351.057	531.673
1347.539	532.488
1343.949	533.249
1340.292	533.955
1336.569	534.606
1332.784	535.201
1328.938	535.741
1325.035	536.225
1321.077	536.653
1317.066	537.024
1313.006	537.338
1308.899	537.595
1304.747	537.794
1300.553	537.935
1296.321	538.019
1292.051	538.043
1287.748	538.009
1283.412	537.916
1279.049	537.764
1274.658	537.551
1270.245	537.279
1265.810	536.946
1261.357	536.552
1256.888	536.097
1252.406	535.582
1247.911	535.008
1243.404	534.380
1238.885	533.701
1234.354	532.975
1229.812	532.207
1225.258	531.401
1220.694	530.559
1216.119	529.686
1211.533	528.787
1206.937	527.864
1202.330	526.922
1197.714	525.964
1193.089	524.995
1188.454	524.019
1183.810	523.039
1179.157	522.059
1174.495	521.083
1169.825	520.115
1165.147	519.160
1160.461	518.220
1155.768	517.300
1151.067	516.404
1146.359	515.535
1141.644	514.698
1136.922	513.896
1132.193	513.133
1127.459	512.414
1122.719	511.741
1117.972	511.120
1113.221	510.554
1108.464	510.046
1103.702	509.600
1098.935	509.215
1094.162	508.887
1089.384	508.612
1084.599	508.389
1079.809	508.213
1075.011	508.081
1070.207	507.991
1065.396	507.940
1060.578	507.923
1055.751	507.939
1050.917	507.983
1046.075	508.053
1041.225	508.146
1036.365	508.258
1031.497	508.387
1026.620	508.528
1021.733	508.680
1016.836	508.838
1011.929	509.000
1007.012	509.163
1002.085	509.324
997.146	509.478
992.197	509.624
987.236	509.758
982.263	509.877
977.279	509.977
972.283	510.056
967.274	510.111
962.252	510.138
957.217	510.134
952.170	510.096
947.108	510.022
942.034	509.907
936.952	509.753
931.869	509.560
926.793	509.331
921.732	509.066
916.693	508.768
911.683	508.437
906.711	508.076
901.783	507.685
896.907	507.267
892.090	506.823
887.341	506.353
882.666	505.861
878.074	505.346
873.570	504.812
869.164	504.258
864.863	503.688
860.673	503.101
856.604	502.500
852.661	501.887
848.852	501.262
845.186	500.628
841.670	499.985
838.310	499.335
835.115	498.680
832.092	498.021
829.249	497.360
826.593	496.698
824.131	496.037
821.867	495.376
819.783	494.708
817.857	494.024
816.065	493.313
814.384	492.566
812.791	491.774
811.262	490.925
809.774	490.011
808.304	489.022
806.828	487.948
805.324	486.780
803.769	485.507
802.138	484.120
800.415	482.612
798.608	480.991
796.737	479.271
794.819	477.464
792.873	475.584
790.917	473.644
788.971	471.657
787.051	469.636
785.177	467.594
783.367	465.545
781.640	463.501
780.013	461.476
778.506	459.482
777.136	457.533
775.923	455.642
774.884	453.822
774.038	452.086
773.398	450.445
772.954	448.895
772.691	447.431
772.591	446.045
772.639	444.732
772.816	443.484
773.108	442.295
773.497	441.160
773.967	440.070
774.500	439.019
775.074	437.997
775.666	436.992
776.250	435.993
776.804	434.989
777.303	433.968
777.723	432.920
778.041	431.832
778.249	430.696
778.386	429.513
778.494	428.284
778.617	427.009
778.800	425.690
779.086	424.329
779.518	422.926
780.142	421.483
781.000	420.000
