X	Y
13.730	11.541
13.746	11.524
13.764	11.509
13.786	11.494
13.810	11.480
13.837	11.467
13.867	11.454
13.899	11.442
13.934	11.431
13.971	11.420
14.011	11.410
14.052	11.400
14.096	11.391
14.142	11.381
14.189	11.372
14.239	11.363
14.290	11.355
14.343	11.346
14.397	11.337
14.453	11.328
14.510	11.319
14.569	11.310
14.629	11.301
14.689	11.291
14.751	11.281
14.814	11.270
14.878	11.259
14.942	11.248
15.007	11.236
15.073	11.223
15.139	11.209
15.206	11.195
15.273	11.180
15.340	11.163
15.407	11.146
15.474	11.128
15.542	11.110
15.610	11.090
15.678	11.070
15.746	11.048
15.814	11.026
15.882	11.004
15.950	10.980
16.019	10.957
16.087	10.932
16.156	10.907
16.225	10.881
16.294	10.855
16.362	10.829
16.432	10.802
16.501	10.774
16.570	10.747
16.639	10.719
16.708	10.690
16.778	10.662
16.847	10.633
16.917	10.604
16.986	10.575
17.056	10.546
17.125	10.517
17.195	10.487
17.264	10.458
17.334	10.429
17.404	10.400
17.473	10.370
17.543	10.341
17.613	10.313
17.682	10.284
17.752	10.256
17.822	10.228
17.891	10.200
17.961	10.172
18.030	10.145
18.100	10.119
18.169	10.092
18.239	10.067
18.308	10.042
18.377	10.017
18.447	9.993
18.516	9.969
18.585	9.947
18.654	9.924
18.723	9.903
18.792	9.882
18.861	9.862
18.929	9.843
18.998	9.825
19.066	9.807
19.134	9.790
19.202	9.773
19.270	9.757
19.337	9.742
19.405	9.728
19.472	9.714
19.539	9.701
19.605	9.688
19.672	9.676
19.738	9.665
19.803	9.655
19.869	9.645
19.934	9.635
19.999	9.626
20.063	9.618
20.127	9.611
20.190	9.604
20.254	9.597
20.316	9.592
20.379	9.586
20.440	9.582
20.502	9.578
20.563	9.574
20.623	9.571
20.683	9.569
20.742	9.567
20.801	9.566
20.860	9.565
20.917	9.565
20.974	9.565
21.031	9.566
21.087	9.567
21.142	9.569
21.197	9.571
21.251	9.574
21.304	9.577
21.357	9.581
21.409	9.585
21.460	9.590
21.510	9.595
21.560	9.601
21.608	9.607
21.655	9.614
21.702	9.622
21.747	9.631
21.791	9.640
21.834	9.650
21.875	9.660
21.915	9.672
21.954	9.684
21.991	9.697
22.027	9.711
22.061	9.726
22.093	9.741
22.124	9.758
22.153	9.775
22.180	9.794
22.205	9.813
22.229	9.833
22.250	9.855
22.270	9.877
22.287	9.901
22.302	9.926
22.316	9.951
22.327	9.978
22.336	10.006
22.344	10.034
22.350	10.063
22.354	10.093
22.357	10.123
22.359	10.154
22.359	10.185
22.358	10.217
22.356	10.249
22.353	10.281
22.349	10.313
22.344	10.345
22.338	10.378
22.331	10.410
22.324	10.442
22.317	10.474
22.309	10.505
22.300	10.536
22.292	10.567
22.283	10.598
22.273	10.628
22.263	10.658
22.253	10.688
22.242	10.718
22.230	10.748
22.218	10.778
22.206	10.807
22.193	10.837
22.179	10.867
22.165	10.897
22.150	10.927
22.134	10.958
22.118	10.988
22.101	11.019
22.084	11.050
22.065	11.082
22.046	11.114
22.026	11.146
22.005	11.179
21.984	11.212
21.961	11.246
21.938	11.280
21.914	11.315
21.889	11.350
21.864	11.385
21.837	11.421
21.810	11.457
21.782	11.493
21.753	11.530
21.723	11.566
21.692	11.603
21.661	11.639
21.629	11.676
21.596	11.713
21.562	11.750
21.527	11.787
21.492	11.824
21.456	11.861
21.419	11.897
21.381	11.934
21.342	11.970
21.303	12.006
21.263	12.042
21.222	12.078
21.180	12.113
21.137	12.148
21.094	12.182
21.049	12.216
21.004	12.250
20.959	12.283
20.912	12.316
20.865	12.348
20.817	12.380
20.768	12.411
20.718	12.442
20.668	12.472
20.617	12.502
20.566	12.531
20.514	12.560
20.462	12.588
20.410	12.615
20.356	12.642
20.303	12.669
20.249	12.695
20.195	12.721
20.141	12.746
20.087	12.770
20.032	12.795
19.978	12.818
19.923	12.841
19.868	12.864
19.814	12.886
19.759	12.908
19.704	12.929
19.650	12.950
19.596	12.970
19.542	12.990
19.488	13.009
19.434	13.028
19.381	13.046
19.328	13.064
19.276	13.082
19.224	13.099
19.173	13.115
19.122	13.131
19.071	13.147
19.022	13.162
18.972	13.177
18.924	13.191
18.876	13.205
18.829	13.218
18.783	13.231
18.736	13.244
18.691	13.256
18.645	13.267
18.600	13.279
18.555	13.289
18.511	13.299
18.466	13.309
18.422	13.318
18.377	13.327
18.332	13.336
18.288	13.344
18.243	13.351
18.197	13.358
18.152	13.365
18.106	13.371
18.059	13.376
18.012	13.381
17.964	13.386
17.916	13.390
17.867	13.394
17.817	13.397
17.767	13.400
17.715	13.402
17.663	13.404
17.609	13.405
17.554	13.406
17.499	13.407
17.441	13.407
17.383	13.406
17.324	13.405
17.263	13.403
17.201	13.401
17.138	13.399
17.075	13.396
17.010	13.392
16.944	13.389
16.878	13.384
16.812	13.380
16.744	13.374
16.676	13.369
16.608	13.363
16.539	13.356
16.470	13.349
16.401	13.342
16.332	13.334
16.263	13.326
16.193	13.317
16.124	13.308
16.055	13.299
15.986	13.289
15.917	13.279
15.849	13.268
15.781	13.257
15.713	13.246
15.647	13.234
15.580	13.222
15.515	13.209
15.450	13.196
15.387	13.183
15.324	13.169
15.262	13.155
15.201	13.141
15.142	13.126
15.083	13.111
15.026	13.095
14.971	13.080
14.916	13.064
14.864	13.047
14.813	13.030
14.763	13.013
14.715	12.996
14.669	12.978
14.625	12.960
14.582	12.942
14.541	12.923
14.501	12.905
14.462	12.886
14.425	12.867
14.389	12.848
14.354	12.829
14.320	12.809
14.287	12.790
14.255	12.770
14.224	12.751
14.193	12.732
14.164	12.712
14.135	12.693
14.106	12.674
14.078	12.655
14.051	12.636
14.023	12.617
13.996	12.598
13.970	12.580
13.943	12.562
13.916	12.544
13.890	12.527
13.863	12.509
13.837	12.492
13.811	12.476
13.786	12.459
13.761	12.442
13.737	12.425
13.715	12.409
13.693	12.392
13.673	12.375
13.654	12.358
13.637	12.340
13.622	12.322
13.608	12.304
13.597	12.285
13.589	12.266
13.583	12.247
13.579	12.226
13.578	12.205
13.579	12.184
13.583	12.162
13.588	12.139
13.594	12.117
13.602	12.093
13.611	12.070
13.620	12.046
13.630	12.021
13.639	11.997
13.649	11.972
13.658	11.948
13.666	11.923
13.673	11.898
13.678	11.873
13.683	11.848
13.685	11.824
13.686	11.799
13.687	11.775
13.687	11.751
13.687	11.727
13.687	11.704
13.687	11.681
13.688	11.659
13.690	11.638
13.694	11.617
13.700	11.596
13.707	11.577
13.717	11.559
13.730	11.541
