X	Y
31.293	20.948
31.426	20.814
31.607	20.711
31.829	20.635
32.082	20.582
32.360	20.547
32.654	20.528
32.957	20.519
33.259	20.517
33.553	20.517
33.831	20.516
34.091	20.513
34.336	20.507
34.571	20.501
34.800	20.496
35.027	20.493
35.255	20.493
35.490	20.498
35.736	20.509
35.995	20.527
36.270	20.553
36.557	20.586
36.855	20.626
37.160	20.672
37.470	20.724
37.782	20.782
38.095	20.845
38.404	20.913
38.709	20.985
39.005	21.061
39.291	21.140
39.566	21.222
39.830	21.308
40.085	21.397
40.332	21.489
40.573	21.585
40.810	21.684
41.042	21.787
41.274	21.894
41.504	22.004
41.736	22.117
41.969	22.235
42.201	22.357
42.431	22.483
42.659	22.614
42.881	22.750
43.096	22.891
43.304	23.037
43.502	23.188
43.689	23.346
43.863	23.509
44.018	23.674
44.148	23.835
44.246	23.989
44.307	24.129
44.323	24.251
44.289	24.351
44.212	24.431
44.115	24.503
44.022	24.580
43.957	24.674
43.935	24.792
43.951	24.929
43.993	25.080
44.053	25.236
44.121	25.392
44.188	25.542
44.254	25.682
44.324	25.814
44.402	25.935
44.491	26.045
44.597	26.144
44.720	26.233
44.857	26.316
45.003	26.395
45.154	26.475
45.304	26.559
45.451	26.651
45.589	26.754
45.721	26.868
45.848	26.991
45.972	27.123
46.095	27.263
46.219	27.410
46.344	27.563
46.470	27.720
46.587	27.878
46.687	28.034
46.763	28.185
46.807	28.327
46.809	28.457
46.766	28.571
46.685	28.667
46.574	28.738
46.443	28.783
46.302	28.797
46.155	28.784
46.004	28.756
45.850	28.726
45.694	28.705
45.538	28.705
45.384	28.736
45.241	28.798
45.122	28.886
45.038	28.995
45.001	29.120
45.018	29.256
45.072	29.395
45.135	29.529
45.177	29.648
45.171	29.744
45.098	29.812
44.971	29.855
44.808	29.881
44.631	29.897
44.459	29.908
44.311	29.924
44.189	29.947
44.081	29.980
43.978	30.028
43.868	30.094
43.745	30.178
43.620	30.281
43.506	30.400
43.418	30.536
43.368	30.686
43.370	30.849
43.422	31.022
43.507	31.201
43.605	31.379
43.699	31.552
43.768	31.716
43.795	31.864
43.763	31.993
43.678	32.105
43.560	32.207
43.424	32.305
43.291	32.405
43.177	32.515
43.095	32.637
43.043	32.769
43.016	32.907
43.009	33.048
43.017	33.188
43.035	33.324
43.058	33.457
43.080	33.590
43.097	33.726
43.104	33.866
43.096	34.013
43.080	34.166
43.066	34.321
43.061	34.476
43.075	34.629
43.117	34.777
43.191	34.919
43.291	35.055
43.412	35.187
43.547	35.315
43.690	35.440
43.834	35.564
43.974	35.687
44.104	35.811
44.222	35.936
44.324	36.063
44.407	36.194
44.467	36.329
44.502	36.470
44.514	36.615
44.511	36.766
44.499	36.920
44.488	37.078
44.483	37.238
44.489	37.399
44.502	37.558
44.513	37.710
44.514	37.850
44.496	37.974
44.453	38.077
44.383	38.159
44.291	38.221
44.184	38.264
44.065	38.290
43.939	38.298
43.810	38.287
43.680	38.255
43.553	38.200
43.433	38.121
43.319	38.020
43.212	37.903
43.112	37.774
43.018	37.638
42.930	37.498
42.847	37.361
42.766	37.227
42.682	37.100
42.591	36.981
42.488	36.873
42.370	36.779
42.236	36.699
42.092	36.636
41.943	36.589
41.797	36.561
41.659	36.551
41.535	36.562
41.424	36.591
41.325	36.638
41.234	36.701
41.150	36.779
41.072	36.871
40.999	36.976
40.932	37.094
40.869	37.225
40.812	37.365
40.756	37.499
40.698	37.606
40.634	37.666
40.562	37.660
40.479	37.591
40.385	37.481
40.281	37.351
40.167	37.225
40.042	37.125
39.910	37.062
39.772	37.032
39.632	37.029
39.495	37.046
39.363	37.079
39.238	37.122
39.122	37.174
39.014	37.234
38.914	37.301
38.823	37.374
38.740	37.455
38.663	37.546
38.593	37.650
38.528	37.771
38.469	37.910
38.419	38.061
38.380	38.219
38.357	38.378
38.353	38.531
38.372	38.673
38.410	38.803
38.457	38.925
38.501	39.045
38.529	39.167
38.532	39.297
38.505	39.435
38.449	39.576
38.366	39.716
38.259	39.851
38.130	39.977
37.982	40.089
37.821	40.183
37.657	40.251
37.500	40.290
37.357	40.294
37.239	40.257
37.151	40.177
37.085	40.062
37.032	39.923
36.980	39.772
36.920	39.618
36.841	39.473
36.744	39.342
36.632	39.231
36.512	39.142
36.387	39.079
36.264	39.047
36.146	39.047
36.037	39.079
35.939	39.141
35.856	39.233
35.786	39.351
35.724	39.478
35.659	39.599
35.584	39.696
35.488	39.752
35.370	39.763
35.238	39.749
35.102	39.730
34.970	39.730
34.852	39.768
34.753	39.848
34.674	39.959
34.615	40.088
34.576	40.224
34.557	40.354
34.549	40.475
34.540	40.591
34.515	40.702
34.462	40.811
34.375	40.914
34.262	41.005
34.131	41.075
33.989	41.115
33.845	41.117
33.704	41.077
33.569	40.999
33.440	40.889
33.318	40.753
33.204	40.597
33.101	40.426
33.007	40.245
32.924	40.056
32.853	39.860
32.792	39.658
32.744	39.452
32.707	39.242
32.682	39.030
32.670	38.817
32.669	38.603
32.673	38.391
32.677	38.184
32.677	37.982
32.666	37.787
32.639	37.603
32.592	37.429
32.519	37.269
32.426	37.119
32.317	36.976
32.201	36.838
32.083	36.702
31.969	36.564
31.867	36.421
31.778	36.273
31.697	36.123
31.620	35.975
31.542	35.833
31.457	35.700
31.359	35.582
31.247	35.478
31.122	35.387
30.987	35.303
30.847	35.223
30.703	35.144
30.559	35.060
30.420	34.969
30.287	34.869
30.164	34.759
30.056	34.637
29.966	34.502
29.896	34.352
29.849	34.187
29.821	34.010
29.808	33.824
29.806	33.630
29.812	33.432
29.821	33.233
29.831	33.035
29.838	32.839
29.842	32.645
29.844	32.453
29.843	32.262
29.840	32.071
29.834	31.880
29.826	31.688
29.815	31.494
29.801	31.298
29.783	31.100
29.762	30.898
29.737	30.692
29.707	30.482
29.672	30.266
29.631	30.045
29.587	29.820
29.539	29.592
29.491	29.364
29.444	29.139
29.400	28.918
29.361	28.704
29.328	28.499
29.304	28.306
29.290	28.124
29.283	27.951
29.283	27.783
29.289	27.616
29.297	27.446
29.309	27.270
29.321	27.085
29.336	26.892
29.356	26.695
29.383	26.497
29.422	26.301
29.473	26.110
29.539	25.928
29.624	25.758
29.725	25.598
29.842	25.447
29.970	25.300
30.108	25.156
30.253	25.010
30.402	24.861
30.553	24.704
30.702	24.537
30.846	24.360
30.980	24.174
31.102	23.976
31.206	23.768
31.289	23.548
31.348	23.317
31.377	23.074
31.375	22.820
31.347	22.557
31.303	22.292
31.255	22.030
31.211	21.776
31.183	21.535
31.180	21.313
31.214	21.116
31.293	20.948
