X	Y
30.407	30.611
30.381	30.483
30.398	30.344
30.448	30.198
30.523	30.046
30.612	29.889
30.707	29.730
30.798	29.570
30.877	29.412
30.945	29.256
31.005	29.103
31.062	28.956
31.119	28.814
31.180	28.680
31.250	28.555
31.333	28.439
31.427	28.330
31.530	28.226
31.638	28.122
31.750	28.015
31.861	27.901
31.970	27.777
32.072	27.640
32.169	27.495
32.261	27.348
32.349	27.208
32.433	27.080
32.514	26.973
32.593	26.893
32.670	26.844
32.747	26.814
32.825	26.784
32.904	26.735
32.985	26.654
33.069	26.545
33.156	26.416
33.246	26.278
33.339	26.140
33.436	26.010
33.538	25.898
33.642	25.809
33.745	25.737
33.845	25.671
33.935	25.605
34.012	25.530
34.073	25.438
34.122	25.331
34.165	25.213
34.211	25.089
34.265	24.965
34.336	24.845
34.428	24.733
34.538	24.630
34.661	24.535
34.792	24.447
34.925	24.365
35.056	24.289
35.177	24.218
35.286	24.151
35.378	24.085
35.450	24.020
35.497	23.954
35.518	23.884
35.523	23.811
35.533	23.735
35.569	23.658
35.644	23.579
35.750	23.499
35.879	23.418
36.022	23.334
36.168	23.247
36.310	23.157
36.437	23.064
36.547	22.967
36.644	22.868
36.730	22.767
36.810	22.665
36.888	22.563
36.967	22.460
37.049	22.360
37.133	22.265
37.219	22.178
37.305	22.103
37.393	22.042
37.480	21.996
37.568	21.959
37.657	21.921
37.749	21.872
37.845	21.804
37.945	21.712
38.050	21.603
38.159	21.483
38.274	21.356
38.393	21.229
38.517	21.108
38.647	20.998
38.783	20.902
38.922	20.817
39.063	20.739
39.205	20.664
39.347	20.589
39.487	20.508
39.624	20.419
39.756	20.318
39.883	20.209
40.006	20.098
40.125	19.990
40.239	19.891
40.349	19.808
40.455	19.745
40.559	19.706
40.662	19.683
40.767	19.664
40.879	19.640
41.000	19.599
41.134	19.531
41.278	19.439
41.431	19.328
41.592	19.205
41.757	19.075
41.924	18.945
42.091	18.820
42.257	18.706
42.418	18.609
42.574	18.533
42.725	18.473
42.873	18.423
43.019	18.379
43.164	18.333
43.311	18.281
43.459	18.217
43.610	18.138
43.762	18.046
43.913	17.948
44.059	17.850
44.199	17.758
44.329	17.679
44.446	17.618
44.549	17.582
44.640	17.568
44.725	17.573
44.810	17.591
44.900	17.617
44.997	17.646
45.102	17.673
45.212	17.694
45.326	17.703
45.444	17.697
45.566	17.677
45.693	17.645
45.825	17.606
45.964	17.562
46.109	17.517
46.262	17.474
46.422	17.436
46.587	17.401
46.755	17.370
46.923	17.344
47.090	17.323
47.254	17.306
47.412	17.294
47.564	17.287
47.712	17.284
47.860	17.284
48.011	17.287
48.169	17.290
48.336	17.293
48.515	17.295
48.709	17.296
48.911	17.299
49.113	17.307
49.305	17.326
49.479	17.360
49.627	17.411
49.741	17.485
49.811	17.586
49.839	17.712
49.838	17.854
49.824	18.003
49.812	18.148
49.819	18.281
49.858	18.391
49.936	18.475
50.039	18.543
50.152	18.605
50.258	18.672
50.343	18.756
50.391	18.866
50.406	18.998
50.393	19.144
50.362	19.296
50.319	19.445
50.273	19.584
50.231	19.703
50.199	19.804
50.182	19.894
50.184	19.981
50.210	20.071
50.260	20.172
50.327	20.281
50.405	20.398
50.484	20.521
50.557	20.650
50.616	20.782
50.658	20.917
50.684	21.054
50.702	21.193
50.717	21.332
50.733	21.470
50.757	21.608
50.793	21.744
50.839	21.879
50.889	22.011
50.937	22.142
50.980	22.272
51.010	22.399
51.024	22.525
51.024	22.649
51.016	22.772
51.008	22.892
51.007	23.011
51.021	23.128
51.053	23.243
51.099	23.359
51.151	23.477
51.203	23.600
51.248	23.729
51.281	23.866
51.296	24.013
51.298	24.165
51.290	24.321
51.274	24.477
51.253	24.629
51.232	24.776
51.213	24.913
51.198	25.041
51.190	25.160
51.191	25.272
51.204	25.379
51.229	25.483
51.267	25.584
51.309	25.685
51.346	25.787
51.370	25.894
51.373	26.007
51.353	26.126
51.318	26.250
51.278	26.377
51.244	26.505
51.224	26.632
51.227	26.756
51.253	26.876
51.295	26.995
51.343	27.112
51.389	27.228
51.426	27.345
51.446	27.464
51.451	27.583
51.442	27.704
51.422	27.826
51.392	27.949
51.355	28.073
51.312	28.198
51.265	28.323
51.214	28.449
51.159	28.575
51.102	28.701
51.044	28.827
50.986	28.952
50.932	29.075
50.883	29.194
50.844	29.307
50.818	29.413
50.806	29.510
50.809	29.601
50.824	29.692
50.848	29.788
50.879	29.894
50.913	30.011
50.945	30.136
50.969	30.266
50.980	30.397
50.972	30.527
50.942	30.651
50.891	30.770
50.827	30.884
50.755	30.995
50.682	31.105
50.615	31.213
50.560	31.321
50.513	31.431
50.472	31.545
50.433	31.663
50.391	31.787
50.342	31.919
50.284	32.059
50.219	32.203
50.146	32.347
50.068	32.486
49.986	32.617
49.900	32.736
49.813	32.839
49.724	32.923
49.631	32.991
49.533	33.045
49.428	33.085
49.314	33.115
49.191	33.135
49.062	33.146
48.931	33.148
48.802	33.140
48.679	33.123
48.565	33.096
48.460	33.064
48.359	33.033
48.257	33.011
48.150	33.005
48.032	33.022
47.905	33.059
47.773	33.109
47.640	33.163
47.510	33.214
47.388	33.253
47.278	33.274
47.179	33.277
47.083	33.271
46.985	33.264
46.878	33.264
46.760	33.278
46.631	33.306
46.496	33.344
46.358	33.392
46.221	33.448
46.089	33.509
45.964	33.574
45.845	33.638
45.728	33.700
45.612	33.753
45.492	33.796
45.365	33.823
45.228	33.833
45.083	33.828
44.932	33.812
44.775	33.789
44.614	33.764
44.453	33.741
44.291	33.723
44.131	33.716
43.977	33.719
43.831	33.735
43.698	33.764
43.580	33.807
43.482	33.865
43.404	33.937
43.340	34.019
43.277	34.101
43.202	34.176
43.104	34.236
42.973	34.274
42.816	34.294
42.641	34.298
42.455	34.291
42.267	34.276
42.084	34.258
41.916	34.241
41.769	34.227
41.645	34.220
41.535	34.218
41.434	34.220
41.333	34.227
41.225	34.238
41.106	34.251
40.979	34.267
40.843	34.285
40.702	34.303
40.555	34.322
40.406	34.341
40.255	34.360
40.103	34.377
39.951	34.393
39.800	34.408
39.650	34.421
39.504	34.432
39.360	34.442
39.220	34.448
39.082	34.452
38.945	34.453
38.808	34.450
38.670	34.444
38.530	34.434
38.387	34.419
38.242	34.403
38.096	34.385
37.948	34.367
37.800	34.351
37.652	34.338
37.505	34.330
37.360	34.326
37.215	34.326
37.072	34.327
36.931	34.330
36.791	34.333
36.653	34.335
36.518	34.336
36.386	34.333
36.258	34.326
36.136	34.314
36.020	34.295
35.912	34.269
35.809	34.238
35.709	34.203
35.607	34.169
35.500	34.140
35.385	34.119
35.260	34.104
35.128	34.093
34.991	34.082
34.851	34.067
34.709	34.044
34.567	34.009
34.426	33.964
34.285	33.910
34.143	33.853
33.997	33.795
33.848	33.739
33.694	33.691
33.534	33.652
33.369	33.624
33.202	33.601
33.037	33.581
32.876	33.559
32.723	33.532
32.582	33.497
32.454	33.449
32.343	33.386
32.250	33.312
32.174	33.227
32.119	33.133
32.083	33.033
32.065	32.929
32.053	32.825
32.037	32.724
32.005	32.631
31.947	32.548
31.867	32.473
31.775	32.400
31.685	32.324
31.608	32.237
31.555	32.134
31.526	32.015
31.510	31.886
31.493	31.750
31.464	31.614
31.410	31.482
31.320	31.359
31.196	31.247
31.048	31.142
30.891	31.040
30.735	30.939
30.594	30.836
30.481	30.728
30.407	30.611
