X	Y
56.320	25.943
56.463	25.793
56.646	25.680
56.863	25.599
57.112	25.547
57.390	25.519
57.693	25.512
58.017	25.522
58.359	25.544
58.716	25.574
59.084	25.610
59.461	25.645
59.842	25.678
60.225	25.706
60.611	25.730
60.998	25.749
61.387	25.766
61.776	25.779
62.164	25.790
62.552	25.799
62.939	25.806
63.324	25.813
63.707	25.818
64.086	25.824
64.462	25.830
64.834	25.836
65.202	25.844
65.564	25.854
65.921	25.865
66.274	25.879
66.623	25.895
66.969	25.913
67.314	25.934
67.657	25.958
68.000	25.984
68.343	26.014
68.687	26.047
69.034	26.083
69.383	26.123
69.735	26.166
70.092	26.213
70.454	26.264
70.820	26.318
71.188	26.376
71.558	26.436
71.926	26.498
72.293	26.562
72.656	26.626
73.014	26.692
73.365	26.757
73.707	26.822
74.039	26.886
74.360	26.949
74.668	27.009
74.961	27.067
75.237	27.123
75.499	27.175
75.747	27.226
75.982	27.276
76.206	27.325
76.421	27.375
76.627	27.425
76.826	27.477
77.019	27.531
77.208	27.587
77.394	27.647
77.578	27.711
77.759	27.780
77.940	27.853
78.120	27.932
78.301	28.017
78.483	28.109
78.666	28.208
78.849	28.309
79.029	28.407
79.204	28.497
79.371	28.575
79.528	28.635
79.672	28.672
79.801	28.683
79.918	28.674
80.032	28.660
80.148	28.656
80.275	28.677
80.417	28.734
80.574	28.826
80.741	28.945
80.915	29.086
81.094	29.241
81.272	29.405
81.448	29.572
81.616	29.734
81.775	29.886
81.923	30.026
82.061	30.157
82.192	30.282
82.316	30.404
82.436	30.528
82.554	30.655
82.670	30.789
82.785	30.933
82.899	31.083
83.009	31.238
83.115	31.397
83.215	31.558
83.307	31.718
83.390	31.876
83.462	32.031
83.525	32.181
83.577	32.327
83.620	32.468
83.653	32.605
83.678	32.735
83.693	32.861
83.701	32.985
83.701	33.111
83.693	33.242
83.679	33.381
83.659	33.532
83.631	33.689
83.592	33.845
83.542	33.994
83.478	34.128
83.398	34.241
83.300	34.328
83.188	34.396
83.065	34.455
82.935	34.513
82.802	34.581
82.669	34.668
82.538	34.777
82.409	34.903
82.281	35.045
82.155	35.196
82.030	35.353
81.906	35.512
81.783	35.669
81.661	35.822
81.541	35.970
81.425	36.115
81.315	36.258
81.213	36.401
81.121	36.545
81.039	36.691
80.971	36.839
80.910	36.987
80.852	37.128
80.792	37.259
80.723	37.374
80.642	37.468
80.546	37.543
80.442	37.607
80.338	37.675
80.243	37.758
80.165	37.868
80.104	38.008
80.055	38.166
80.006	38.328
79.950	38.480
79.878	38.608
79.781	38.698
79.657	38.748
79.518	38.772
79.377	38.789
79.248	38.816
79.144	38.872
79.072	38.968
79.024	39.093
78.986	39.234
78.944	39.374
78.886	39.500
78.798	39.598
78.682	39.668
78.546	39.717
78.397	39.753
78.245	39.783
78.095	39.814
77.955	39.852
77.824	39.902
77.703	39.965
77.591	40.045
77.487	40.146
77.390	40.270
77.299	40.411
77.207	40.557
77.110	40.696
77.002	40.817
76.880	40.907
76.737	40.954
76.579	40.960
76.421	40.943
76.280	40.923
76.175	40.921
76.123	40.957
76.122	41.035
76.139	41.132
76.133	41.220
76.073	41.276
75.959	41.301
75.800	41.302
75.606	41.287
75.387	41.264
75.152	41.241
74.911	41.226
74.673	41.224
74.442	41.234
74.221	41.252
74.012	41.273
73.820	41.294
73.645	41.312
73.493	41.321
73.365	41.318
73.259	41.305
73.167	41.295
73.076	41.302
72.976	41.340
72.862	41.411
72.737	41.503
72.605	41.602
72.469	41.694
72.333	41.766
72.199	41.806
72.069	41.810
71.938	41.790
71.803	41.757
71.661	41.723
71.507	41.697
71.339	41.690
71.158	41.699
70.967	41.720
70.768	41.751
70.564	41.788
70.357	41.826
70.149	41.863
69.944	41.894
69.742	41.917
69.547	41.937
69.360	41.956
69.183	41.977
69.019	42.005
68.870	42.041
68.737	42.090
68.620	42.152
68.513	42.224
68.410	42.302
68.306	42.382
68.194	42.460
68.071	42.534
67.939	42.603
67.802	42.668
67.666	42.730
67.534	42.791
67.411	42.849
67.296	42.907
67.187	42.964
67.078	43.020
66.964	43.076
66.841	43.132
66.707	43.187
66.563	43.240
66.411	43.289
66.252	43.333
66.089	43.370
65.922	43.398
65.753	43.417
65.582	43.425
65.408	43.422
65.232	43.408
65.053	43.382
64.871	43.343
64.685	43.292
64.498	43.230
64.318	43.167
64.154	43.115
64.016	43.084
63.913	43.086
63.853	43.132
63.832	43.216
63.819	43.312
63.780	43.389
63.690	43.421
63.554	43.412
63.391	43.373
63.219	43.317
63.056	43.257
62.920	43.205
62.822	43.171
62.747	43.146
62.674	43.123
62.581	43.092
62.465	43.051
62.330	43.001
62.185	42.946
62.036	42.889
61.890	42.831
61.752	42.775
61.623	42.718
61.501	42.656
61.387	42.585
61.278	42.501
61.174	42.399
61.074	42.280
60.974	42.146
60.874	42.000
60.771	41.845
60.662	41.682
60.546	41.516
60.420	41.349
60.285	41.182
60.144	41.016
59.999	40.849
59.855	40.682
59.714	40.515
59.580	40.348
59.455	40.179
59.344	40.009
59.249	39.838
59.166	39.666
59.092	39.495
59.023	39.325
58.954	39.156
58.882	38.991
58.803	38.829
58.712	38.672
58.616	38.532
58.524	38.427
58.446	38.377
58.393	38.400
58.370	38.501
58.370	38.650
58.381	38.804
58.393	38.923
58.393	38.965
58.377	38.914
58.344	38.783
58.297	38.590
58.237	38.353
58.166	38.088
58.085	37.813
57.996	37.546
57.901	37.305
57.799	37.101
57.692	36.936
57.577	36.813
57.453	36.731
57.320	36.692
57.176	36.696
57.023	36.741
56.870	36.808
56.727	36.873
56.608	36.912
56.523	36.900
56.482	36.817
56.479	36.669
56.499	36.480
56.527	36.271
56.547	36.065
56.544	35.882
56.504	35.746
56.418	35.669
56.303	35.633
56.181	35.613
56.072	35.585
55.996	35.525
55.957	35.428
55.943	35.306
55.942	35.167
55.943	35.022
55.936	34.879
55.920	34.739
55.900	34.599
55.879	34.455
55.860	34.304
55.848	34.142
55.843	33.969
55.844	33.785
55.846	33.594
55.844	33.399
55.835	33.202
55.813	33.006
55.776	32.815
55.718	32.630
55.643	32.454
55.558	32.285
55.472	32.121
55.393	31.963
55.330	31.809
55.289	31.659
55.280	31.511
55.302	31.364
55.349	31.218
55.417	31.070
55.500	30.921
55.592	30.769
55.688	30.612
55.784	30.450
55.876	30.280
55.963	30.101
56.042	29.909
56.110	29.704
56.165	29.484
56.204	29.245
56.224	28.987
56.225	28.708
56.210	28.413
56.186	28.106
56.156	27.794
56.129	27.483
56.109	27.177
56.101	26.884
56.113	26.608
56.150	26.355
56.216	26.132
56.320	25.943
