X	Y
43.036	12.444
43.078	12.416
43.153	12.409
43.254	12.418
43.374	12.432
43.505	12.445
43.639	12.448
43.769	12.434
43.893	12.400
44.011	12.348
44.125	12.282
44.236	12.205
44.345	12.120
44.454	12.029
44.563	11.936
44.674	11.845
44.789	11.756
44.907	11.670
45.030	11.586
45.158	11.503
45.293	11.421
45.434	11.339
45.583	11.256
45.740	11.172
45.906	11.085
46.082	10.996
46.267	10.902
46.463	10.806
46.667	10.706
46.879	10.605
47.097	10.501
47.319	10.397
47.545	10.292
47.773	10.187
48.002	10.084
48.231	9.981
48.459	9.881
48.684	9.783
48.904	9.689
49.120	9.598
49.329	9.512
49.530	9.432
49.723	9.355
49.908	9.283
50.086	9.213
50.256	9.144
50.418	9.077
50.573	9.008
50.721	8.938
50.862	8.865
50.997	8.789
51.125	8.707
51.246	8.620
51.362	8.529
51.472	8.437
51.577	8.347
51.678	8.264
51.775	8.190
51.868	8.130
51.959	8.087
52.047	8.064
52.134	8.059
52.223	8.066
52.317	8.076
52.416	8.084
52.525	8.082
52.646	8.063
52.779	8.024
52.923	7.967
53.079	7.894
53.245	7.807
53.421	7.708
53.605	7.599
53.797	7.481
53.997	7.358
54.204	7.230
54.416	7.100
54.633	6.970
54.854	6.841
55.079	6.717
55.307	6.597
55.537	6.483
55.768	6.373
55.999	6.268
56.230	6.166
56.460	6.069
56.687	5.975
56.912	5.884
57.133	5.797
57.349	5.712
57.561	5.629
57.766	5.548
57.964	5.469
58.155	5.392
58.337	5.315
58.510	5.240
58.676	5.165
58.836	5.091
58.991	5.017
59.143	4.943
59.292	4.869
59.440	4.795
59.589	4.721
59.739	4.646
59.893	4.570
60.050	4.493
60.213	4.416
60.381	4.337
60.553	4.259
60.730	4.182
60.910	4.105
61.095	4.030
61.283	3.957
61.474	3.886
61.669	3.818
61.866	3.754
62.066	3.693
62.268	3.637
62.472	3.585
62.678	3.537
62.884	3.493
63.090	3.453
63.296	3.414
63.500	3.377
63.702	3.341
63.902	3.305
64.098	3.268
64.291	3.231
64.478	3.191
64.661	3.149
64.837	3.105
65.007	3.056
65.172	3.005
65.333	2.951
65.490	2.895
65.646	2.837
65.800	2.779
65.955	2.720
66.111	2.661
66.269	2.604
66.431	2.547
66.597	2.493
66.768	2.440
66.943	2.390
67.122	2.343
67.304	2.298
67.488	2.257
67.674	2.218
67.862	2.183
68.050	2.151
68.238	2.123
68.426	2.099
68.613	2.079
68.798	2.063
68.981	2.051
69.163	2.043
69.344	2.038
69.523	2.036
69.701	2.037
69.877	2.040
70.053	2.045
70.228	2.052
70.403	2.060
70.577	2.069
70.750	2.079
70.923	2.089
71.096	2.101
71.267	2.114
71.438	2.129
71.607	2.147
71.774	2.167
71.939	2.192
72.103	2.220
72.263	2.253
72.422	2.291
72.577	2.334
72.730	2.382
72.881	2.435
73.029	2.491
73.176	2.551
73.322	2.613
73.467	2.678
73.612	2.744
73.756	2.811
73.901	2.878
74.046	2.945
74.191	3.012
74.338	3.079
74.485	3.147
74.633	3.216
74.782	3.285
74.932	3.357
75.083	3.430
75.236	3.505
75.390	3.583
75.545	3.664
75.700	3.747
75.852	3.834
75.998	3.923
76.136	4.015
76.262	4.110
76.373	4.207
76.467	4.307
76.540	4.409
76.589	4.513
76.612	4.619
76.610	4.721
76.586	4.813
76.542	4.890
76.479	4.946
76.400	4.974
76.308	4.977
76.208	4.965
76.104	4.949
76.001	4.939
75.903	4.946
75.816	4.981
75.741	5.045
75.678	5.135
75.629	5.243
75.592	5.364
75.567	5.491
75.555	5.619
75.555	5.741
75.565	5.854
75.579	5.958
75.590	6.055
75.593	6.146
75.579	6.231
75.544	6.312
75.484	6.390
75.404	6.465
75.309	6.538
75.205	6.608
75.098	6.676
74.993	6.743
74.895	6.809
74.811	6.874
74.740	6.940
74.683	7.010
74.639	7.087
74.607	7.173
74.589	7.270
74.582	7.379
74.581	7.497
74.579	7.620
74.572	7.742
74.552	7.860
74.514	7.968
74.452	8.064
74.361	8.142
74.244	8.205
74.110	8.254
73.964	8.295
73.814	8.328
73.666	8.358
73.528	8.387
73.405	8.419
73.305	8.456
73.229	8.500
73.172	8.552
73.124	8.611
73.078	8.678
73.027	8.752
72.965	8.834
72.898	8.922
72.831	9.016
72.768	9.115
72.716	9.217
72.679	9.323
72.663	9.431
72.670	9.540
72.691	9.647
72.717	9.749
72.739	9.845
72.749	9.931
72.737	10.005
72.697	10.066
72.634	10.117
72.553	10.163
72.461	10.208
72.364	10.256
72.268	10.313
72.177	10.381
72.095	10.458
72.026	10.545
71.972	10.640
71.937	10.741
71.923	10.849
71.934	10.962
71.967	11.079
72.015	11.198
72.074	11.320
72.136	11.442
72.196	11.564
72.248	11.685
72.285	11.803
72.301	11.918
72.295	12.028
72.269	12.132
72.223	12.228
72.159	12.314
72.080	12.389
71.986	12.451
71.880	12.500
71.763	12.538
71.638	12.569
71.507	12.596
71.374	12.623
71.239	12.652
71.106	12.688
70.977	12.734
70.853	12.792
70.737	12.862
70.629	12.943
70.529	13.033
70.439	13.130
70.359	13.234
70.290	13.342
70.233	13.453
70.187	13.566
70.153	13.679
70.128	13.793
70.110	13.907
70.097	14.020
70.086	14.133
70.077	14.244
70.066	14.353
70.053	14.461
70.037	14.567
70.018	14.674
69.996	14.780
69.969	14.887
69.937	14.996
69.900	15.106
69.858	15.217
69.809	15.325
69.752	15.428
69.686	15.523
69.611	15.607
69.525	15.676
69.427	15.728
69.319	15.764
69.201	15.785
69.077	15.795
68.948	15.796
68.816	15.792
68.684	15.786
68.553	15.779
68.425	15.775
68.302	15.776
68.183	15.783
68.069	15.797
67.958	15.820
67.852	15.853
67.751	15.898
67.655	15.956
67.564	16.025
67.480	16.105
67.407	16.194
67.345	16.288
67.297	16.385
67.264	16.485
67.249	16.583
67.249	16.681
67.256	16.778
67.265	16.874
67.270	16.970
67.265	17.067
67.243	17.164
67.203	17.262
67.148	17.361
67.081	17.460
67.003	17.558
66.919	17.657
66.830	17.755
66.739	17.852
66.648	17.947
66.557	18.039
66.463	18.125
66.365	18.202
66.261	18.267
66.149	18.319
66.028	18.355
65.897	18.372
65.754	18.368
65.602	18.348
65.444	18.313
65.283	18.266
65.121	18.211
64.962	18.150
64.808	18.086
64.661	18.023
64.526	17.963
64.404	17.909
64.297	17.861
64.201	17.819
64.112	17.778
64.028	17.735
63.946	17.689
63.862	17.637
63.773	17.575
63.679	17.507
63.580	17.434
63.476	17.360
63.369	17.287
63.258	17.219
63.144	17.158
63.028	17.108
62.909	17.070
62.788	17.042
62.666	17.022
62.542	17.008
62.418	16.997
62.293	16.987
62.169	16.975
62.044	16.958
61.920	16.936
61.796	16.911
61.673	16.885
61.550	16.860
61.427	16.838
61.305	16.822
61.183	16.814
61.062	16.817
60.940	16.830
60.818	16.851
60.695	16.879
60.570	16.912
60.443	16.946
60.313	16.981
60.180	17.014
60.042	17.042
59.900	17.065
59.754	17.083
59.605	17.096
59.452	17.105
59.297	17.111
59.140	17.114
58.982	17.114
58.823	17.114
58.663	17.112
58.503	17.109
58.344	17.107
58.185	17.105
58.027	17.103
57.869	17.102
57.711	17.101
57.555	17.101
57.399	17.102
57.244	17.105
57.090	17.109
56.936	17.114
56.783	17.121
56.630	17.129
56.475	17.138
56.318	17.147
56.158	17.156
55.994	17.164
55.825	17.172
55.649	17.178
55.467	17.183
55.278	17.185
55.080	17.186
54.875	17.184
54.665	17.181
54.450	17.177
54.231	17.171
54.010	17.164
53.787	17.157
53.564	17.149
53.343	17.141
53.123	17.133
52.906	17.125
52.694	17.118
52.487	17.112
52.286	17.107
52.091	17.102
51.903	17.099
51.720	17.097
51.542	17.096
51.369	17.095
51.199	17.096
51.034	17.098
50.871	17.101
50.711	17.105
50.553	17.109
50.397	17.115
50.243	17.121
50.088	17.127
49.935	17.132
49.780	17.136
49.625	17.137
49.468	17.137
49.309	17.133
49.148	17.125
48.984	17.113
48.816	17.096
48.644	17.074
48.470	17.050
48.294	17.024
48.115	16.998
47.935	16.972
47.755	16.947
47.573	16.926
47.392	16.908
47.212	16.895
47.032	16.889
46.854	16.890
46.677	16.897
46.503	16.910
46.330	16.925
46.159	16.942
45.990	16.958
45.824	16.971
45.660	16.980
45.498	16.983
45.338	16.977
45.181	16.962
45.027	16.936
44.877	16.898
44.731	16.850
44.591	16.792
44.457	16.726
44.331	16.651
44.214	16.568
44.107	16.478
44.010	16.382
43.925	16.280
43.852	16.173
43.792	16.060
43.745	15.942
43.712	15.819
43.693	15.690
43.689	15.557
43.701	15.420
43.728	15.277
43.767	15.132
43.815	14.985
43.868	14.839
43.922	14.694
43.973	14.553
44.017	14.417
44.051	14.289
44.071	14.169
44.073	14.059
44.058	13.957
44.025	13.860
43.976	13.764
43.912	13.667
43.834	13.565
43.743	13.455
43.640	13.334
43.529	13.204
43.416	13.069
43.306	12.934
43.207	12.805
43.124	12.687
43.064	12.584
43.033	12.501
43.036	12.444
