X	Y
44.221	15.925
44.306	15.823
44.421	15.740
44.563	15.675
44.729	15.625
44.916	15.590
45.122	15.568
45.344	15.556
45.579	15.553
45.823	15.559
46.075	15.570
46.331	15.585
46.589	15.602
46.845	15.621
47.097	15.639
47.344	15.655
47.587	15.670
47.827	15.684
48.063	15.697
48.298	15.709
48.530	15.721
48.763	15.733
48.995	15.744
49.227	15.757
49.462	15.769
49.698	15.782
49.938	15.797
50.181	15.812
50.428	15.829
50.680	15.847
50.938	15.867
51.202	15.889
51.470	15.913
51.741	15.938
52.016	15.965
52.294	15.994
52.573	16.024
52.852	16.056
53.132	16.089
53.412	16.123
53.689	16.159
53.965	16.196
54.238	16.234
54.507	16.273
54.772	16.313
55.032	16.355
55.286	16.397
55.533	16.440
55.773	16.484
56.006	16.529
56.232	16.575
56.452	16.622
56.667	16.671
56.877	16.720
57.082	16.771
57.283	16.824
57.480	16.879
57.674	16.935
57.865	16.993
58.054	17.053
58.241	17.115
58.427	17.179
58.611	17.246
58.795	17.315
58.978	17.387
59.159	17.461
59.339	17.540
59.516	17.621
59.691	17.707
59.864	17.796
60.035	17.890
60.202	17.988
60.367	18.090
60.528	18.198
60.686	18.311
60.840	18.429
60.989	18.552
61.134	18.678
61.273	18.807
61.405	18.939
61.531	19.071
61.650	19.204
61.760	19.336
61.862	19.467
61.955	19.595
62.038	19.721
62.111	19.843
62.174	19.961
62.228	20.076
62.276	20.189
62.318	20.299
62.357	20.407
62.393	20.515
62.428	20.622
62.464	20.729
62.501	20.837
62.539	20.947
62.577	21.057
62.615	21.170
62.654	21.285
62.692	21.402
62.729	21.523
62.766	21.647
62.800	21.772
62.827	21.895
62.846	22.010
62.854	22.116
62.847	22.207
62.822	22.280
62.778	22.333
62.719	22.372
62.653	22.406
62.586	22.447
62.526	22.504
62.481	22.588
62.448	22.695
62.423	22.819
62.401	22.953
62.377	23.090
62.346	23.224
62.303	23.346
62.244	23.452
62.164	23.533
62.066	23.593
61.956	23.638
61.840	23.674
61.727	23.709
61.621	23.750
61.531	23.803
61.462	23.875
61.416	23.968
61.386	24.073
61.364	24.181
61.342	24.284
61.312	24.372
61.266	24.437
61.198	24.470
61.109	24.478
61.005	24.468
60.890	24.451
60.769	24.434
60.648	24.428
60.531	24.440
60.424	24.480
60.326	24.545
60.236	24.631
60.154	24.733
60.078	24.846
60.007	24.966
59.941	25.088
59.878	25.207
59.817	25.319
59.756	25.422
59.696	25.514
59.633	25.596
59.567	25.667
59.495	25.725
59.418	25.771
59.333	25.805
59.240	25.828
59.140	25.841
59.034	25.848
58.922	25.851
58.805	25.851
58.683	25.851
58.557	25.853
58.427	25.858
58.296	25.868
58.164	25.883
58.032	25.906
57.901	25.936
57.772	25.976
57.647	26.027
57.527	26.089
57.412	26.162
57.302	26.244
57.197	26.332
57.098	26.421
57.003	26.510
56.913	26.593
56.827	26.670
56.746	26.735
56.669	26.786
56.594	26.825
56.518	26.853
56.439	26.872
56.354	26.884
56.260	26.890
56.156	26.893
56.044	26.893
55.926	26.891
55.805	26.888
55.682	26.886
55.560	26.886
55.439	26.887
55.323	26.892
55.210	26.899
55.099	26.907
54.988	26.913
54.875	26.916
54.759	26.913
54.637	26.904
54.507	26.886
54.369	26.859
54.226	26.826
54.079	26.790
53.933	26.756
53.790	26.727
53.654	26.708
53.527	26.703
53.412	26.715
53.312	26.749
53.228	26.805
53.156	26.874
53.091	26.948
53.027	27.018
52.959	27.076
52.884	27.111
52.796	27.120
52.697	27.104
52.589	27.072
52.476	27.029
52.358	26.981
52.239	26.936
52.120	26.899
52.004	26.877
51.891	26.871
51.781	26.879
51.672	26.898
51.563	26.927
51.455	26.962
51.345	27.003
51.233	27.046
51.119	27.090
51.003	27.133
50.886	27.175
50.770	27.216
50.656	27.253
50.544	27.287
50.435	27.317
50.331	27.341
50.231	27.359
50.132	27.371
50.033	27.377
49.930	27.375
49.821	27.365
49.704	27.347
49.576	27.321
49.437	27.287
49.289	27.247
49.135	27.203
48.977	27.157
48.818	27.112
48.661	27.069
48.508	27.030
48.362	26.997
48.226	26.972
48.102	26.958
47.990	26.954
47.887	26.957
47.790	26.963
47.697	26.969
47.603	26.971
47.505	26.965
47.401	26.949
47.290	26.921
47.176	26.883
47.060	26.834
46.944	26.776
46.832	26.708
46.723	26.632
46.622	26.547
46.530	26.455
46.447	26.355
46.371	26.250
46.301	26.140
46.236	26.026
46.174	25.908
46.115	25.789
46.055	25.669
45.995	25.548
45.933	25.428
45.869	25.308
45.803	25.188
45.735	25.067
45.665	24.944
45.593	24.819
45.518	24.691
45.442	24.560
45.364	24.425
45.284	24.285
45.202	24.142
45.120	23.995
45.038	23.845
44.956	23.694
44.877	23.541
44.800	23.388
44.727	23.236
44.658	23.085
44.594	22.936
44.536	22.789
44.484	22.647
44.438	22.507
44.396	22.372
44.355	22.239
44.314	22.109
44.271	21.982
44.223	21.856
44.168	21.733
44.105	21.611
44.032	21.490
43.950	21.371
43.863	21.252
43.776	21.134
43.692	21.017
43.617	20.901
43.554	20.785
43.508	20.670
43.483	20.555
43.483	20.440
43.508	20.326
43.553	20.212
43.615	20.097
43.691	19.981
43.777	19.864
43.868	19.746
43.963	19.626
44.056	19.504
44.145	19.379
44.228	19.252
44.303	19.121
44.370	18.986
44.426	18.846
44.472	18.700
44.506	18.548
44.526	18.389
44.532	18.222
44.523	18.047
44.497	17.864
44.457	17.673
44.407	17.477
44.352	17.279
44.295	17.081
44.242	16.886
44.195	16.697
44.161	16.516
44.141	16.346
44.142	16.189
44.167	16.048
44.221	15.925
