X	Y
44.044	19.191
44.103	19.097
44.191	19.028
44.307	18.981
44.449	18.953
44.613	18.942
44.798	18.944
45.001	18.957
45.219	18.978
45.451	19.004
45.694	19.031
45.946	19.059
46.205	19.084
46.470	19.107
46.740	19.128
47.016	19.149
47.295	19.167
47.577	19.185
47.863	19.201
48.149	19.217
48.437	19.232
48.725	19.246
49.012	19.260
49.298	19.273
49.581	19.287
49.862	19.301
50.139	19.314
50.412	19.329
50.679	19.343
50.941	19.359
51.197	19.376
51.447	19.394
51.692	19.414
51.932	19.436
52.166	19.460
52.394	19.488
52.618	19.518
52.836	19.552
53.049	19.590
53.257	19.633
53.459	19.679
53.657	19.731
53.850	19.788
54.038	19.850
54.221	19.916
54.397	19.986
54.566	20.059
54.728	20.133
54.882	20.207
55.027	20.282
55.163	20.355
55.289	20.425
55.405	20.493
55.509	20.556
55.605	20.616
55.696	20.671
55.785	20.724
55.877	20.775
55.975	20.825
56.083	20.874
56.204	20.922
56.338	20.971
56.485	21.019
56.643	21.067
56.811	21.115
56.988	21.162
57.172	21.209
57.364	21.255
57.561	21.300
57.762	21.344
57.967	21.387
58.173	21.429
58.382	21.470
58.590	21.511
58.799	21.552
59.007	21.593
59.213	21.636
59.416	21.680
59.617	21.725
59.813	21.773
60.005	21.824
60.191	21.877
60.371	21.935
60.544	21.996
60.709	22.062
60.867	22.132
61.018	22.206
61.161	22.284
61.297	22.367
61.427	22.453
61.549	22.542
61.665	22.636
61.774	22.733
61.877	22.833
61.973	22.936
62.064	23.043
62.148	23.152
62.227	23.264
62.301	23.379
62.370	23.497
62.435	23.617
62.495	23.739
62.551	23.863
62.603	23.989
62.653	24.119
62.700	24.252
62.747	24.388
62.793	24.528
62.839	24.673
62.886	24.823
62.934	24.978
62.985	25.138
63.035	25.303
63.084	25.469
63.128	25.637
63.165	25.803
63.193	25.966
63.208	26.124
63.210	26.275
63.194	26.417
63.160	26.550
63.105	26.670
63.032	26.781
62.944	26.884
62.846	26.983
62.739	27.078
62.629	27.172
62.518	27.268
62.410	27.368
62.309	27.474
62.214	27.587
62.125	27.703
62.039	27.821
61.953	27.939
61.867	28.053
61.778	28.162
61.684	28.263
61.582	28.353
61.471	28.432
61.353	28.499
61.230	28.557
61.106	28.609
60.986	28.658
60.871	28.706
60.766	28.758
60.675	28.814
60.599	28.878
60.537	28.945
60.483	29.010
60.432	29.067
60.380	29.110
60.323	29.135
60.262	29.149
60.202	29.163
60.148	29.191
60.103	29.241
60.064	29.313
60.027	29.403
59.987	29.506
59.940	29.617
59.880	29.734
59.805	29.851
59.712	29.965
59.607	30.074
59.493	30.177
59.372	30.271
59.249	30.354
59.127	30.423
59.009	30.478
58.899	30.514
58.799	30.532
58.707	30.536
58.620	30.531
58.533	30.522
58.444	30.515
58.349	30.516
58.247	30.527
58.138	30.549
58.026	30.582
57.911	30.625
57.795	30.677
57.680	30.740
57.568	30.813
57.460	30.894
57.355	30.981
57.252	31.069
57.151	31.155
57.051	31.236
56.950	31.306
56.849	31.363
56.745	31.403
56.639	31.423
56.530	31.427
56.421	31.418
56.311	31.398
56.201	31.371
56.091	31.341
55.983	31.310
55.875	31.281
55.768	31.255
55.659	31.231
55.547	31.210
55.431	31.194
55.309	31.182
55.180	31.175
55.045	31.173
54.905	31.174
54.763	31.178
54.622	31.182
54.483	31.185
54.351	31.186
54.226	31.184
54.112	31.176
54.010	31.162
53.916	31.143
53.826	31.119
53.736	31.092
53.641	31.062
53.537	31.032
53.420	31.001
53.293	30.970
53.158	30.940
53.019	30.911
52.877	30.884
52.738	30.858
52.602	30.836
52.475	30.816
52.358	30.799
52.251	30.786
52.151	30.775
52.053	30.765
51.955	30.755
51.853	30.745
51.744	30.733
51.625	30.720
51.499	30.707
51.368	30.696
51.233	30.690
51.098	30.689
50.964	30.696
50.834	30.713
50.710	30.742
50.593	30.784
50.482	30.834
50.374	30.890
50.269	30.947
50.164	31.003
50.058	31.054
49.949	31.096
49.835	31.126
49.716	31.143
49.593	31.149
49.465	31.145
49.334	31.130
49.200	31.107
49.063	31.076
48.923	31.037
48.781	30.992
48.638	30.943
48.493	30.890
48.348	30.836
48.203	30.782
48.059	30.730
47.917	30.682
47.776	30.639
47.637	30.602
47.502	30.574
47.370	30.554
47.244	30.536
47.125	30.517
47.013	30.492
46.911	30.457
46.819	30.409
46.739	30.343
46.671	30.258
46.613	30.157
46.563	30.045
46.519	29.926
46.478	29.804
46.439	29.683
46.400	29.567
46.358	29.459
46.314	29.358
46.269	29.262
46.224	29.168
46.179	29.073
46.135	28.975
46.093	28.871
46.053	28.761
46.014	28.645
45.973	28.527
45.930	28.407
45.882	28.288
45.828	28.173
45.766	28.062
45.694	27.958
45.613	27.861
45.524	27.772
45.427	27.687
45.323	27.607
45.214	27.531
45.100	27.458
44.983	27.387
44.864	27.316
44.743	27.246
44.624	27.174
44.507	27.100
44.394	27.023
44.288	26.942
44.190	26.856
44.102	26.763
44.025	26.664
43.960	26.557
43.906	26.443
43.859	26.324
43.818	26.201
43.780	26.076
43.743	25.949
43.705	25.822
43.663	25.696
43.616	25.571
43.566	25.448
43.513	25.323
43.458	25.198
43.403	25.071
43.349	24.941
43.297	24.807
43.247	24.668
43.202	24.524
43.161	24.375
43.126	24.221
43.097	24.065
43.075	23.908
43.061	23.750
43.055	23.592
43.058	23.436
43.070	23.283
43.094	23.133
43.127	22.989
43.172	22.849
43.225	22.715
43.288	22.585
43.360	22.461
43.439	22.342
43.525	22.229
43.618	22.121
43.717	22.018
43.820	21.919
43.924	21.823
44.024	21.724
44.116	21.622
44.198	21.513
44.264	21.393
44.312	21.261
44.337	21.114
44.338	20.949
44.316	20.769
44.279	20.579
44.231	20.382
44.177	20.184
44.123	19.988
44.075	19.798
44.038	19.620
44.016	19.456
44.017	19.312
44.044	19.191
