X	Y
1054.000	782.000
1055.628	779.700
1057.744	777.927
1060.270	776.580
1063.128	775.559
1066.239	774.763
1069.527	774.091
1072.912	773.458
1076.315	772.871
1079.654	772.374
1082.848	772.009
1085.815	771.818
1088.474	771.845
1090.746	772.131
1092.666	772.642
1094.438	773.232
1096.282	773.745
1098.415	774.027
1100.969	773.979
1103.868	773.637
1107.007	773.052
1110.283	772.279
1113.589	771.372
1116.821	770.383
1119.880	769.367
1122.752	768.383
1125.481	767.492
1128.115	766.758
1130.701	766.242
1133.286	766.007
1135.914	766.107
1138.612	766.509
1141.391	767.138
1144.268	767.915
1147.254	768.762
1150.365	769.601
1153.614	770.357
1156.998	771.002
1160.499	771.558
1164.099	772.051
1167.780	772.505
1171.523	772.945
1175.309	773.395
1179.120	773.880
1182.938	774.423
1186.761	775.027
1190.591	775.685
1194.433	776.391
1198.288	777.138
1202.161	777.920
1206.054	778.731
1209.971	779.564
1213.915	780.413
1217.883	781.265
1221.871	782.106
1225.871	782.918
1229.876	783.686
1233.879	784.393
1237.875	785.022
1241.856	785.558
1245.815	785.983
1249.748	786.289
1253.658	786.503
1257.550	786.660
1261.431	786.797
1265.306	786.949
1269.181	787.153
1273.061	787.446
1276.953	787.862
1280.861	788.435
1284.786	789.158
1288.726	790.005
1292.681	790.947
1296.647	791.958
1300.624	793.011
1304.610	794.079
1308.603	795.134
1312.602	796.149
1316.604	797.104
1320.607	797.994
1324.609	798.817
1328.606	799.570
1332.596	800.252
1336.577	800.860
1340.545	801.393
1344.498	801.848
1348.435	802.223
1352.361	802.528
1356.289	802.779
1360.232	802.991
1364.202	803.181
1368.214	803.365
1372.278	803.559
1376.408	803.779
1380.617	804.041
1384.913	804.356
1389.290	804.717
1393.741	805.116
1398.259	805.542
1402.837	805.988
1407.466	806.445
1412.140	806.903
1416.852	807.354
1421.593	807.789
1426.358	808.199
1431.147	808.584
1435.971	808.948
1440.837	809.299
1445.757	809.643
1450.741	809.986
1455.798	810.335
1460.937	810.695
1466.170	811.075
1471.505	811.478
1476.952	811.913
1482.518	812.385
1488.180	812.896
1493.906	813.445
1499.661	814.034
1505.411	814.661
1511.123	815.327
1516.762	816.031
1522.296	816.775
1527.690	817.557
1532.911	818.378
1537.924	819.238
1542.696	820.137
1547.213	821.075
1551.510	822.056
1555.631	823.083
1559.620	824.158
1563.520	825.286
1567.374	826.469
1571.227	827.711
1575.122	829.014
1579.102	830.382
1583.193	831.814
1587.390	833.306
1591.682	834.850
1596.059	836.441
1600.513	838.070
1605.034	839.733
1609.612	841.423
1614.238	843.133
1618.902	844.857
1623.595	846.588
1628.305	848.326
1633.021	850.079
1637.730	851.855
1642.419	853.665
1647.076	855.516
1651.689	857.417
1656.245	859.378
1660.730	861.408
1665.134	863.514
1669.443	865.706
1673.649	867.991
1677.760	870.365
1681.795	872.820
1685.771	875.347
1689.705	877.937
1693.615	880.583
1697.518	883.276
1701.431	886.007
1705.372	888.770
1709.358	891.554
1713.402	894.353
1717.489	897.168
1721.593	900.001
1725.687	902.858
1729.744	905.741
1733.740	908.653
1737.647	911.600
1741.438	914.583
1745.089	917.608
1748.572	920.676
1751.862	923.793
1754.960	926.959
1757.885	930.175
1760.660	933.439
1763.305	936.753
1765.842	940.115
1768.291	943.525
1770.674	946.984
1773.012	950.491
1775.324	954.044
1777.592	957.630
1779.770	961.220
1781.808	964.789
1783.660	968.308
1785.276	971.751
1786.608	975.091
1787.609	978.300
1788.231	981.353
1788.472	984.265
1788.383	987.095
1788.013	989.908
1787.417	992.766
1786.644	995.733
1785.748	998.870
1784.754	1002.203
1783.647	1005.687
1782.405	1009.270
1781.005	1012.898
1779.426	1016.521
1777.647	1020.085
1775.645	1023.537
1773.398	1026.827
1770.907	1029.925
1768.209	1032.848
1765.347	1035.618
1762.364	1038.257
1759.304	1040.787
1756.208	1043.228
1753.120	1045.604
1750.083	1047.936
1747.127	1050.242
1744.229	1052.530
1741.351	1054.803
1738.455	1057.063
1735.504	1059.314
1732.458	1061.559
1729.280	1063.801
1725.933	1066.044
1722.390	1068.290
1718.672	1070.541
1714.811	1072.799
1710.839	1075.065
1706.786	1077.342
1702.685	1079.631
1698.567	1081.933
1694.463	1084.251
1690.406	1086.586
1686.426	1088.940
1682.535	1091.305
1678.721	1093.665
1674.970	1096.001
1671.266	1098.295
1667.597	1100.528
1663.947	1102.682
1660.302	1104.740
1656.648	1106.682
1652.970	1108.490
1649.263	1110.167
1645.532	1111.748
1641.786	1113.271
1638.032	1114.777
1634.280	1116.305
1630.537	1117.894
1626.812	1119.584
1623.111	1121.414
1619.444	1123.417
1615.812	1125.559
1612.212	1127.765
1608.644	1129.963
1605.105	1132.076
1601.593	1134.031
1598.107	1135.753
1594.645	1137.168
1591.205	1138.202
1587.780	1138.835
1584.356	1139.160
1580.917	1139.284
1577.446	1139.313
1573.927	1139.354
1570.343	1139.513
1566.680	1139.897
1562.921	1140.597
1559.065	1141.594
1555.115	1142.827
1551.073	1144.231
1546.941	1145.742
1542.722	1147.298
1538.420	1148.834
1534.036	1150.286
1529.573	1151.591
1525.035	1152.690
1520.427	1153.565
1515.757	1154.230
1511.033	1154.700
1506.264	1154.988
1501.457	1155.109
1496.620	1155.076
1491.761	1154.904
1486.889	1154.606
1482.011	1154.198
1477.135	1153.692
1472.265	1153.108
1467.400	1152.467
1462.540	1151.791
1457.684	1151.103
1452.833	1150.423
1447.985	1149.774
1443.141	1149.178
1438.301	1148.657
1433.463	1148.233
1428.627	1147.926
1423.800	1147.740
1418.996	1147.640
1414.233	1147.589
1409.526	1147.551
1404.894	1147.487
1400.351	1147.361
1395.916	1147.135
1391.604	1146.773
1387.433	1146.237
1383.416	1145.493
1379.545	1144.550
1375.792	1143.441
1372.130	1142.204
1368.533	1140.876
1364.973	1139.491
1361.424	1138.087
1357.859	1136.699
1354.251	1135.363
1350.583	1134.093
1346.849	1132.878
1343.042	1131.709
1339.156	1130.575
1335.185	1129.465
1331.122	1128.370
1326.961	1127.277
1322.696	1126.178
1318.324	1125.062
1313.856	1123.917
1309.313	1122.732
1304.714	1121.498
1300.078	1120.202
1295.424	1118.834
1290.773	1117.384
1286.143	1115.838
1281.555	1114.188
1277.027	1112.422
1272.576	1110.532
1268.201	1108.535
1263.890	1106.460
1259.632	1104.337
1255.415	1102.196
1251.229	1100.064
1247.061	1097.972
1242.900	1095.949
1238.735	1094.024
1234.554	1092.226
1230.349	1090.580
1226.127	1089.073
1221.900	1087.681
1217.682	1086.379
1213.485	1085.143
1209.323	1083.949
1205.208	1082.772
1201.152	1081.588
1197.170	1080.372
1193.273	1079.100
1189.473	1077.751
1185.779	1076.306
1182.199	1074.747
1178.745	1073.055
1175.425	1071.211
1172.249	1069.196
1169.226	1066.991
1166.365	1064.580
1163.649	1061.992
1161.042	1059.289
1158.509	1056.535
1156.012	1053.796
1153.517	1051.136
1150.985	1048.619
1148.382	1046.311
1145.683	1044.255
1142.947	1042.379
1140.260	1040.563
1137.711	1038.688
1135.388	1036.636
1133.379	1034.286
1131.771	1031.520
1130.607	1028.288
1129.810	1024.710
1129.291	1020.934
1128.954	1017.107
1128.710	1013.376
1128.465	1009.889
1128.126	1006.792
1127.609	1004.215
1126.882	1002.125
1125.950	1000.392
1124.815	998.887
1123.480	997.480
1121.943	996.078
1120.194	994.637
1118.219	993.116
1116.008	991.473
1113.548	989.668
1110.844	987.674
1107.938	985.493
1104.877	983.134
1101.709	980.605
1098.480	977.915
1095.239	975.071
1092.032	972.082
1088.906	968.955
1085.908	965.702
1083.054	962.361
1080.347	958.986
1077.791	955.633
1075.386	952.355
1073.135	949.209
1071.041	946.247
1069.107	943.526
1067.333	941.098
1065.710	938.939
1064.211	936.919
1062.806	934.902
1061.466	932.753
1060.164	930.334
1058.877	927.533
1057.616	924.372
1056.406	920.923
1055.272	917.257
1054.238	913.446
1053.328	909.562
1052.568	905.675
1051.981	901.859
1051.579	898.166
1051.316	894.582
1051.140	891.080
1050.994	887.631
1050.823	884.206
1050.574	880.778
1050.191	877.318
1049.625	873.801
1048.923	870.231
1048.197	866.637
1047.563	863.049
1047.134	859.495
1047.027	856.004
1047.355	852.605
1048.234	849.328
1049.688	846.188
1051.547	843.175
1053.619	840.274
1055.709	837.470
1057.621	834.748
1059.162	832.094
1060.138	829.493
1060.445	826.916
1060.185	824.300
1059.486	821.581
1058.477	818.692
1057.288	815.567
1056.047	812.139
1054.874	808.371
1053.841	804.352
1053.010	800.208
1052.441	796.065
1052.195	792.047
1052.333	788.280
1052.914	784.889
1054.000	782.000
