X	Y
1094.000	694.000
1098.799	693.466
1103.507	693.369
1108.146	693.641
1112.740	694.212
1117.309	695.015
1121.877	695.981
1126.466	697.041
1131.098	698.127
1135.796	699.171
1140.582	700.104
1145.470	700.879
1150.451	701.507
1155.512	702.009
1160.641	702.407
1165.823	702.722
1171.046	702.976
1176.296	703.190
1181.562	703.385
1186.828	703.583
1192.083	703.805
1197.314	704.073
1202.500	704.397
1207.613	704.770
1212.619	705.181
1217.487	705.619
1222.185	706.074
1226.682	706.535
1230.945	706.991
1234.943	707.432
1238.645	707.847
1242.023	708.227
1245.138	708.570
1248.116	708.882
1251.082	709.170
1254.163	709.440
1257.486	709.697
1261.177	709.948
1265.343	710.198
1269.957	710.447
1274.928	710.690
1280.164	710.925
1285.574	711.147
1291.066	711.352
1296.549	711.538
1301.932	711.699
1307.123	711.834
1312.030	711.938
1316.563	712.007
1320.670	712.041
1324.405	712.048
1327.842	712.036
1331.054	712.017
1334.114	711.998
1337.095	711.990
1340.070	712.001
1343.106	712.036
1346.239	712.086
1349.499	712.136
1352.916	712.172
1356.520	712.179
1360.343	712.144
1364.413	712.052
1368.758	711.890
1373.359	711.665
1378.164	711.396
1383.120	711.103
1388.175	710.806
1393.276	710.525
1398.371	710.279
1403.407	710.089
1408.332	709.974
1413.092	709.954
1417.636	710.049
1421.952	710.265
1426.081	710.587
1430.069	711.002
1433.962	711.493
1437.807	712.045
1441.649	712.645
1445.535	713.275
1449.511	713.921
1453.616	714.571
1457.845	715.218
1462.182	715.864
1466.606	716.507
1471.100	717.146
1475.645	717.781
1480.222	718.410
1484.813	719.034
1489.400	719.652
1493.963	720.262
1498.490	720.867
1502.977	721.473
1507.417	722.083
1511.808	722.705
1516.142	723.342
1520.417	724.001
1524.626	724.686
1528.766	725.404
1532.830	726.159
1536.823	726.955
1540.762	727.791
1544.670	728.667
1548.568	729.581
1552.476	730.533
1556.418	731.521
1560.413	732.545
1564.483	733.603
1568.648	734.695
1572.903	735.812
1577.222	736.943
1581.584	738.076
1585.964	739.201
1590.338	740.305
1594.682	741.376
1598.973	742.404
1603.187	743.376
1607.300	744.281
1611.301	745.117
1615.199	745.897
1619.005	746.636
1622.730	747.348
1626.385	748.049
1629.980	748.752
1633.526	749.474
1637.034	750.227
1640.518	751.025
1643.997	751.878
1647.488	752.795
1651.012	753.785
1654.588	754.856
1658.234	756.020
1661.970	757.284
1665.814	758.657
1669.758	760.125
1673.767	761.650
1677.804	763.192
1681.834	764.712
1685.821	766.170
1689.726	767.528
1693.514	768.744
1697.148	769.781
1700.599	770.605
1703.889	771.248
1707.068	771.771
1710.185	772.238
1713.291	772.711
1716.435	773.251
1719.667	773.923
1723.026	774.777
1726.485	775.809
1729.998	776.994
1733.518	778.310
1736.999	779.731
1740.392	781.234
1743.651	782.795
1746.730	784.390
1749.611	786.007
1752.337	787.660
1754.956	789.366
1757.517	791.141
1760.070	793.003
1762.664	794.967
1765.345	797.050
1768.146	799.248
1771.075	801.540
1774.145	803.903
1777.365	806.313
1780.745	808.748
1784.295	811.185
1788.027	813.600
1791.951	815.971
1796.062	818.282
1800.298	820.547
1804.580	822.786
1808.831	825.021
1812.973	827.272
1816.927	829.561
1820.615	831.909
1823.960	834.337
1826.882	836.866
1829.311	839.515
1831.267	842.283
1832.855	845.147
1834.180	848.084
1835.348	851.073
1836.463	854.091
1837.632	857.115
1838.951	860.126
1840.434	863.122
1842.045	866.114
1843.748	869.114
1845.507	872.132
1847.284	875.179
1849.044	878.267
1850.751	881.405
1852.368	884.596
1853.855	887.836
1855.176	891.115
1856.291	894.429
1857.161	897.770
1857.750	901.131
1858.018	904.505
1857.938	907.885
1857.511	911.258
1856.741	914.610
1855.633	917.928
1854.192	921.199
1852.424	924.410
1850.333	927.548
1847.925	930.600
1845.215	933.560
1842.224	936.423
1838.969	939.185
1835.470	941.841
1831.745	944.388
1827.813	946.821
1823.694	949.134
1819.406	951.325
1814.969	953.390
1810.418	955.340
1805.797	957.198
1801.151	958.984
1796.522	960.721
1791.955	962.429
1787.494	964.129
1783.184	965.844
1779.067	967.595
1775.189	969.403
1771.588	971.288
1768.243	973.248
1765.097	975.268
1762.094	977.335
1759.175	979.433
1756.282	981.547
1753.358	983.663
1750.345	985.766
1747.195	987.838
1743.909	989.841
1740.507	991.731
1737.009	993.465
1733.433	994.997
1729.799	996.284
1726.127	997.282
1722.436	997.946
1718.745	998.253
1715.074	998.298
1711.441	998.217
1707.866	998.147
1704.367	998.226
1700.964	998.589
1697.675	999.373
1694.518	1000.710
1691.480	1002.588
1688.515	1004.839
1685.573	1007.292
1682.609	1009.773
1679.572	1012.108
1676.416	1014.124
1673.092	1015.649
1669.559	1016.527
1665.858	1016.812
1662.081	1016.683
1658.318	1016.324
1654.661	1015.915
1651.201	1015.640
1648.031	1015.679
1645.239	1016.215
1642.822	1017.312
1640.609	1018.832
1638.413	1020.617
1636.045	1022.509
1633.318	1024.350
1630.045	1025.981
1626.087	1027.278
1621.501	1028.251
1616.398	1028.944
1610.888	1029.404
1605.083	1029.676
1599.091	1029.806
1593.023	1029.839
1586.990	1029.821
1581.102	1029.798
1575.470	1029.814
1570.202	1029.915
1565.405	1030.146
1561.076	1030.509
1557.121	1030.976
1553.443	1031.517
1549.945	1032.100
1546.531	1032.695
1543.103	1033.271
1539.565	1033.798
1535.823	1034.247
1531.859	1034.611
1527.717	1034.904
1523.439	1035.139
1519.070	1035.331
1514.655	1035.493
1510.237	1035.639
1505.862	1035.782
1501.573	1035.937
1497.411	1036.115
1493.378	1036.321
1489.445	1036.549
1485.585	1036.794
1481.769	1037.051
1477.967	1037.316
1474.153	1037.583
1470.296	1037.848
1466.370	1038.105
1462.364	1038.344
1458.290	1038.550
1454.163	1038.705
1449.996	1038.792
1445.803	1038.795
1441.599	1038.697
1437.397	1038.480
1433.211	1038.130
1429.054	1037.629
1424.927	1036.987
1420.824	1036.220
1416.740	1035.350
1412.669	1034.395
1408.606	1033.374
1404.545	1032.306
1400.480	1031.212
1396.405	1030.109
1392.316	1029.015
1388.210	1027.930
1384.085	1026.850
1379.938	1025.771
1375.769	1024.687
1371.575	1023.595
1367.354	1022.490
1363.105	1021.367
1358.825	1020.223
1354.514	1019.051
1350.175	1017.845
1345.817	1016.593
1341.445	1015.285
1337.067	1013.911
1332.690	1012.462
1328.320	1010.926
1323.966	1009.294
1319.633	1007.556
1315.328	1005.702
1311.060	1003.729
1306.836	1001.662
1302.666	999.525
1298.558	997.344
1294.520	995.145
1290.562	992.953
1286.693	990.794
1282.920	988.694
1279.253	986.678
1275.698	984.770
1272.250	982.961
1268.888	981.219
1265.595	979.515
1262.352	977.816
1259.142	976.093
1255.945	974.313
1252.743	972.447
1249.519	970.466
1246.260	968.373
1242.959	966.181
1239.607	963.908
1236.195	961.568
1232.715	959.177
1229.158	956.752
1225.515	954.306
1221.777	951.856
1217.948	949.417
1214.069	947.000
1210.188	944.619
1206.353	942.284
1202.615	940.007
1199.021	937.801
1195.620	935.677
1192.462	933.646
1189.595	931.722
1187.027	929.899
1184.663	928.137
1182.389	926.387
1180.093	924.599
1177.662	922.726
1174.983	920.719
1171.953	918.532
1168.571	916.161
1164.905	913.624
1161.025	910.942
1156.998	908.136
1152.893	905.225
1148.781	902.232
1144.729	899.174
1140.807	896.074
1137.083	892.952
1133.622	889.827
1130.428	886.719
1127.472	883.647
1124.726	880.628
1122.160	877.681
1119.745	874.824
1117.451	872.077
1115.249	869.457
1113.110	866.981
1111.027	864.628
1109.016	862.328
1107.099	860.009
1105.294	857.596
1103.620	855.018
1102.098	852.202
1100.740	849.093
1099.530	845.726
1098.441	842.164
1097.448	838.471
1096.524	834.708
1095.643	830.939
1094.780	827.226
1093.908	823.632
1092.998	820.213
1092.015	816.995
1090.921	814.006
1089.680	811.268
1088.253	808.808
1086.605	806.649
1084.703	804.808
1082.568	803.215
1080.258	801.741
1077.832	800.258
1075.346	798.637
1072.860	796.748
1070.432	794.473
1068.140	791.811
1066.075	788.845
1064.327	785.656
1062.986	782.327
1062.142	778.942
1061.887	775.582
1062.305	772.327
1063.369	769.194
1064.947	766.139
1066.902	763.117
1069.098	760.082
1071.396	756.987
1073.660	753.788
1075.754	750.438
1077.549	746.904
1078.977	743.236
1079.988	739.510
1080.533	735.804
1080.563	732.193
1080.028	728.757
1078.881	725.571
1077.077	722.711
1074.742	720.177
1072.183	717.887
1069.717	715.756
1067.660	713.701
1066.330	711.635
1066.042	709.474
1066.963	707.185
1068.959	704.836
1071.860	702.507
1075.496	700.280
1079.698	698.235
1084.296	696.452
1089.120	695.014
1094.000	694.000
